 <pre>

 Contingency table for Low clouds (octas)
 Selection: ALL    633 stations
Period: 20250702-20250725
Used {00,12} + 01 02 ... 36
 Limits    1.00000000       2.00000000       3.00000000       4.00000000       5.00000000       6.00000000       7.00000000    
 Each class is data <= limit, the very last > last limit
 Total number of values      617310
                                              OBSERVATION
                                 264474    13847     9407     6251     6142     5591     7735    10623 |    324070
                                  15612     2370     2108     1501     1544     1352     2170     3027 |     29684
                                  10135     1922     1687     1320     1249     1154     1892     2498 |     21857
                    MEPS2preop     7839     1668     1448     1264     1150     1057     1719     2349 |     18494
                                   6908     1446     1393     1118     1108      985     1741     2334 |     17033
                                   6456     1615     1441     1201     1087     1080     1928     2697 |     17505
                                   8009     2050     1772     1549     1458     1541     2755     4144 |     23278
                                  28786    10844    10530     9426    10002    11412    26248    58141 |    165389

                    SUM          348219    35762    29786    23630    23740    24172    46188    85813 |    617310
                                              OBSERVATION
                                 267403    14047     9556     6232     6284     5606     7605    10364 |    327097
                                  14784     2298     2068     1540     1471     1367     2114     2964 |     28606
                                   9912     1882     1689     1372     1250     1179     1877     2371 |     21532
               MEPS2preop-test     7543     1659     1445     1174     1091     1052     1690     2380 |     18034
                                   6682     1493     1396     1114      993      987     1692     2246 |     16603
                                   6265     1538     1360     1170     1106     1048     1903     2762 |     17152
                                   7805     1961     1818     1506     1481     1491     2818     4165 |     23045
                                  27825    10884    10454     9522    10064    11442    26489    58561 |    165241

                    SUM          348219    35762    29786    23630    23740    24172    46188    85813 |    617310

