 <pre>

 Contingency table for Visibility (m)
 Selection: ALL    698 stations
Period: 20250702-20250725
Used {00,12} + 00 01 ... 36
 Limits    1000.00000       5000.00000       10000.0000       20000.0000    
 Each class is data <= limit, the very last > last limit
 Total number of values      792383
                                     OBSERVATION
                                   2472     1655     1223     1687     1496 |      8533
                                   3089     6840     8974    12724    10040 |     41667
                    MEPS2preop     2782     8779    15901    35870    41451 |    104783
                                   1400     5043    13627    47867   101702 |    169639
                                   1625     4654    19425   104874   337183 |    467761

                    SUM           11368    26971    59150   203022   491872 |    792383
                                     OBSERVATION
                                   2428     1680     1194     1659     1388 |      8349
                                   3096     6927     8934    12634     9803 |     41394
               MEPS2preop-test     2774     8832    16039    35706    40887 |    104238
                                   1396     4976    13560    47933   101515 |    169380
                                   1674     4556    19423   105090   338279 |    469022

                    SUM           11368    26971    59150   203022   491872 |    792383

