 <pre>

 Contingency table for Cloud base (m)
 Selection: ALL    639 stations
Period: 20250702-20250725
Used {00,12} + 01 02 ... 36
 Limits    70.0000000       150.000000       300.000000       600.000000       1000.00000       1500.00000       2500.00000       5000.00000    
 Each class is data <= limit, the very last > last limit
 Total number of values      596951
                                                       OBSERVATION
                                   2996     2116     1432      556      296      108      170      378     1791 |      9843
                                   1274     2929     2485     1117      410      161      118      214      452 |      9160
                                   1180     4827     9664     6085     1905      698      514      624      928 |     26425
                                    680     2079     8356    14738     5920     1855     1276     1246     1855 |     38005
                    MEPS2preop      585     1205     3544     9830    13001     5284     2493     2011     3518 |     41471
                                    579      925     2512     5177     8934    11251     6406     3620     6374 |     45778
                                    733     1149     2683     4968     6882     8745    16443     9261    14300 |     65164
                                    438      679     1596     3270     5465     4252     7940    17281     7646 |     48567
                                   3397     2391     4664    11513    21262    20127    23233    33848   192103 |    312538

                    SUM           11862    18300    36936    57254    64075    52481    58593    68483   228967 |    596951
                                                       OBSERVATION
                                   3025     2143     1436      538      266      112      166      347     1614 |      9647
                                   1308     2954     2546     1150      419      156       95      211      446 |      9285
                                   1240     4743     9819     5971     1947      641      482      554      893 |     26290
                                    709     2184     8386    15053     6099     1947     1253     1249     1930 |     38810
               MEPS2preop-test      545     1236     3472     9936    13201     5283     2620     1973     3549 |     41815
                                    543      872     2482     4961     8805    11186     6105     3356     6244 |     44554
                                    689     1105     2616     4947     6758     8791    16777     9147    13275 |     64105
                                    442      682     1573     3398     5446     4395     8045    17916     7982 |     49879
                                   3361     2381     4606    11300    21134    19970    23050    33730   193034 |    312566

                    SUM           11862    18300    36936    57254    64075    52481    58593    68483   228967 |    596951

