 <pre>

 Contingency table for Cloud base (m)
 Selection: ALL    637 stations
Period: 20250702-20250720
Used {00,12} + 01 02 ... 36
 Limits    70.0000000       150.000000       300.000000       600.000000       1000.00000       1500.00000       2500.00000       5000.00000    
 Each class is data <= limit, the very last > last limit
 Total number of values      474009
                                                       OBSERVATION
                                   2608     1932     1204      451      205       87      146      270     1578 |      8481
                                   1127     2561     1996      889      310      123       97      159      388 |      7650
                                    961     3961     7774     4781     1478      524      377      497      715 |     21068
                                    477     1626     6391    11606     4838     1469      994      950     1289 |     29640
                    MEPS2preop      445      949     2756     7445     9600     4186     2052     1535     2714 |     31682
                                    434      718     1952     4113     7020     9121     5389     2744     4962 |     36453
                                    600      897     2115     4049     5513     7283    14056     7322    11056 |     52891
                                    350      487     1111     2544     4423     3393     6543    14219     5484 |     38554
                                   2409     1763     3129     8242    16213    16213    18895    26022   154704 |    247590

                    SUM            9411    14894    28428    44120    49600    42399    48549    53718   182890 |    474009
                                                       OBSERVATION
                                   2648     1958     1225      439      182       86      137      258     1427 |      8360
                                   1182     2568     1988      901      315      119       72      157      396 |      7698
                                    995     3924     7867     4682     1512      474      359      432      691 |     20936
                                    504     1693     6468    11874     4947     1556      964      961     1350 |     30317
               MEPS2preop-test      399      979     2657     7524     9765     4192     2139     1473     2698 |     31826
                                    399      684     1954     3912     6961     9050     5163     2550     4858 |     35531
                                    563      876     2066     4075     5458     7300    14305     7284    10299 |     52226
                                    339      486     1117     2607     4398     3517     6663    14763     5732 |     39622
                                   2382     1726     3086     8106    16062    16105    18747    25840   155439 |    247493

                    SUM            9411    14894    28428    44120    49600    42399    48549    53718   182890 |    474009

