 <pre>

 Contingency table for Cloud cover (octas)
 Selection: ALL    411 stations
Period: 20250702-20250725
Used {00,12} + 01 02 ... 36
 Limits   0.500000000       1.50000000       2.50000000       3.50000000       4.50000000       5.50000000       6.50000000       7.50000000    
 Each class is data <= limit, the very last > last limit
 Total number of values      392865
                                                       OBSERVATION
                                  28861     6240     5968     3368     1879     2284     2415     2201     3977 |     57193
                                   6394     2044     2137     1759     1168     1539     1960     2120     3437 |     22558
                                   3538     1311     1416     1278      926     1308     1650     1964     3019 |     16410
                                   2694     1026     1168     1075      843     1182     1488     1897     2887 |     14260
                    MEPS2preop     2292      899     1108      939      811     1127     1556     2094     3243 |     14069
                                   2264      899     1011      980      891     1199     1612     2382     3763 |     15001
                                   2214      921     1023     1021      875     1341     2026     3076     4832 |     17329
                                   2814     1197     1434     1317     1194     1854     2983     4885     8566 |     26244
                                   8407     4570     4548     4615     4831     7811    14389    46029   114601 |    209801

                    SUM           59478    19107    19813    16352    13418    19645    30079    66648   148325 |    392865
                                                       OBSERVATION
                                  28872     6217     6025     3392     1869     2268     2410     2165     3840 |     57058
                                   6286     2072     2193     1766     1151     1598     1946     2041     3380 |     22433
                                   3560     1293     1442     1270      946     1307     1673     1845     2914 |     16250
                                   2678     1043     1169     1071      842     1154     1528     1939     2930 |     14354
               MEPS2preop-test     2334      916     1056      965      866     1122     1599     2047     3216 |     14121
                                   2270      889     1008      935      781     1179     1689     2347     3666 |     14764
                                   2234      906     1045     1006      905     1303     1996     2937     4767 |     17099
                                   2872     1258     1373     1341     1242     1841     2901     4973     8568 |     26369
                                   8372     4513     4502     4606     4816     7873    14337    46354   115044 |    210417

                    SUM           59478    19107    19813    16352    13418    19645    30079    66648   148325 |    392865

