 <pre>

 Contingency table for Visibility (m)
 Selection: ALL    697 stations
Period: 20250702-20250720
Used {00,12} + 00 01 ... 36
 Limits    1000.00000       5000.00000       10000.0000       20000.0000    
 Each class is data <= limit, the very last > last limit
 Total number of values      626225
                                     OBSERVATION
                                   2019     1385     1018     1383     1391 |      7196
                                   2203     5206     6907     9711     8080 |     32107
                    MEPS2preop     2003     6654    11932    27500    31742 |     79831
                                    975     3907    10501    36478    79586 |    131447
                                   1017     3346    15484    82693   273104 |    375644

                    SUM            8217    20498    45842   157765   393903 |    626225
                                     OBSERVATION
                                   1993     1448     1009     1361     1296 |      7107
                                   2170     5258     6871     9725     7772 |     31796
               MEPS2preop-test     2029     6700    12039    27333    31223 |     79324
                                    953     3815    10445    36528    79439 |    131180
                                   1072     3277    15478    82818   274173 |    376818

                    SUM            8217    20498    45842   157765   393903 |    626225

