 <pre>

 Contingency table for Rh2m (%)
 Selection: ALL   1006 stations
Period: 20250702-20250720
Used {00,12} + 00 01 ... 36
 Limits    30.0000000       50.0000000       65.0000000       75.0000000       85.0000000       95.0000000       100.000000    
 Each class is data <= limit, the very last > last limit
 Total number of values      994479
                                              OBSERVATION
                                   6133     5522      205       29       14        3        1        0 |     11907
                                   6521    81227    23232     3538     1278      570       80        0 |    116446
                                    382    37677    85940    34627    12830     5430     1190        0 |    178076
                    MEPS2preop       42     5342    38867    55582    37791    15191     3756        0 |    156571
                                     15     1820    14284    39158    72676    47732    10947        0 |    186632
                                      9      676     5030    14296    49223   105508    44645        4 |    219391
                                      1       98      863     2298     8908    40432    66195       11 |    118806
                                      0        0        5       39      313     1504     4768       21 |      6650

                    SUM           13103   132362   168426   149567   183033   216370   131582       36 |    994479
                                              OBSERVATION
                                   6501     5642      231       31       13        3        1        0 |     12422
                                   6281    83094    23520     3589     1268      575       75        0 |    118402
                                    281    36521    86632    34912    12930     5525     1179        0 |    177980
               MEPS2preop-test       24     4834    38733    56116    37893    15150     3802        0 |    156552
                                     14     1625    13787    39012    73383    47992    10937        0 |    186750
                                      2      595     4826    13740    48685   105465    44583        4 |    217900
                                      0       51      693     2127     8562    40130    66208       11 |    117782
                                      0        0        4       40      299     1530     4797       21 |      6691

                    SUM           13103   132362   168426   149567   183033   216370   131582       36 |    994479

