 <pre>

 Contingency table for Cloud cover (octas)
 Selection: ALL    410 stations
Period: 20250702-20250720
Used {00,12} + 01 02 ... 36
 Limits   0.500000000       1.50000000       2.50000000       3.50000000       4.50000000       5.50000000       6.50000000       7.50000000    
 Each class is data <= limit, the very last > last limit
 Total number of values      310682
                                                       OBSERVATION
                                  25229     5305     4966     2835     1640     1960     2018     1929     3362 |     49244
                                   5101     1679     1712     1431      966     1205     1530     1736     2728 |     18088
                                   2842     1035     1134     1027      756     1014     1272     1568     2325 |     12973
                                   2184      841      944      879      695      907     1151     1506     2258 |     11365
                    MEPS2preop     1893      704      858      735      650      905     1192     1631     2523 |     11091
                                   1874      726      803      798      729      922     1254     1884     2950 |     11940
                                   1823      729      809      816      705     1067     1575     2412     3788 |     13724
                                   2280      962     1081     1058      932     1442     2340     3846     6702 |     20643
                                   6514     3451     3435     3513     3711     5949    11065    35202    88774 |    161614

                    SUM           49740    15432    15742    13092    10784    15371    23397    51714   115410 |    310682
                                                       OBSERVATION
                                  25204     5330     5008     2860     1630     1946     2036     1891     3236 |     49141
                                   5089     1685     1727     1407      956     1228     1505     1659     2652 |     17908
                                   2859     1011     1145     1043      777     1024     1272     1456     2275 |     12862
                                   2156      820      906      863      677      914     1165     1538     2285 |     11324
               MEPS2preop-test     1917      722      853      774      706      905     1218     1616     2451 |     11162
                                   1846      700      799      781      617      921     1339     1883     2894 |     11780
                                   1809      730      834      821      724     1037     1561     2317     3724 |     13557
                                   2327     1019     1059     1060      997     1411     2273     3885     6655 |     20686
                                   6533     3415     3411     3483     3700     5985    11028    35469    89238 |    162262

                    SUM           49740    15432    15742    13092    10784    15371    23397    51714   115410 |    310682

