 <pre>

 Contingency table for Rh2m (%)
 Selection: ALL   1006 stations
Period: 20250702-20250725
Used {00,12} + 00 01 ... 36
 Limits    30.0000000       50.0000000       65.0000000       75.0000000       85.0000000       95.0000000       100.000000    
 Each class is data <= limit, the very last > last limit
 Total number of values     1254952
                                              OBSERVATION
                                   6845     7162      271       43       21        5        1        0 |     14348
                                   7766   102286    30943     4705     1770      783      122        0 |    148375
                                    412    42680   104638    44782    17395     7639     1773        0 |    219319
                    MEPS2preop       51     6076    46144    68840    49866    20915     5413        0 |    197305
                                     19     2158    17271    48338    92786    63434    15456        3 |    239465
                                     12      812     6057    17524    61885   134818    59107       20 |    280235
                                      1      111     1030     2704    10644    50206    83389       27 |    148112
                                      0        0        5       41      324     1717     5684       22 |      7793

                    SUM           15106   161285   206359   186977   234691   279517   170945       72 |   1254952
                                              OBSERVATION
                                   7291     7473      328       49       22        4        1        0 |     15168
                                   7468   104407    31514     4769     1781      818      119        0 |    150876
                                    301    41191   105179    45136    17458     7686     1779        0 |    218730
               MEPS2preop-test       27     5470    45960    69596    50224    20879     5488        0 |    197644
                                     16     1943    16719    48033    93683    63624    15392        2 |    239412
                                      3      736     5796    16837    60925   134901    59074       20 |    278292
                                      0       65      858     2514    10273    49862    83373       29 |    146974
                                      0        0        5       43      325     1743     5719       21 |      7856

                    SUM           15106   161285   206359   186977   234691   279517   170945       72 |   1254952

