 <pre>

 Contingency table for Low clouds (octas)
 Selection: ALL    632 stations
Period: 20250702-20250720
Used {00,12} + 01 02 ... 36
 Limits    1.00000000       2.00000000       3.00000000       4.00000000       5.00000000       6.00000000       7.00000000    
 Each class is data <= limit, the very last > last limit
 Total number of values      489798
                                              OBSERVATION
                                 212749    10944     7399     4988     4793     4421     6099     8418 |    259811
                                  11818     1812     1624     1144     1140     1037     1635     2349 |     22559
                                   7765     1469     1301     1007      936      898     1471     1942 |     16789
                    MEPS2preop     5993     1252     1103      961      872      817     1363     1873 |     14234
                                   5273     1113     1063      842      873      779     1376     1842 |     13161
                                   4997     1177     1109      911      839      835     1532     2113 |     13513
                                   6136     1551     1354     1161     1105     1186     2173     3259 |     17925
                                  22439     8228     8129     7210     7819     8959    20646    48376 |    131806

                    SUM          277170    27546    23082    18224    18377    18932    36295    70172 |    489798
                                              OBSERVATION
                                 214946    11042     7474     4957     4911     4409     6010     8208 |    261957
                                  11257     1733     1615     1187     1091     1060     1634     2330 |     21907
                                   7557     1449     1284     1054      961      917     1460     1847 |     16529
               MEPS2preop-test     5795     1276     1109      879      834      803     1325     1864 |     13885
                                   5141     1185     1059      852      770      762     1336     1785 |     12890
                                   4801     1178     1058      896      845      820     1520     2178 |     13296
                                   6015     1483     1377     1140     1106     1164     2229     3221 |     17735
                                  21658     8200     8106     7259     7859     8997    20781    48739 |    131599

                    SUM          277170    27546    23082    18224    18377    18932    36295    70172 |    489798

